F000
18 A5 10 65 12 85 14 A5 
11 65 13 85 15 60 38 A5 
10 E5 12 85 14 A5 11 E5 
13 85 15 60 A9 00 85 14 
85 15 85 16 85 17 C8 06 
12 26 13 90 F9 66 13 66 
12 88 06 14 26 15 38 A5 
11 E5 13 90 14 85 18 A5 
10 E5 12 90 0C 85 10 A5 
18 85 11 A9 01 05 14 85 
14 46 13 66 12 C0 01 10 
D8 A5 10 85 16 A5 11 85 
17 60
FFFFFF
D000
A9 00 48 A9 01 48 68 85 
20 68 85 21 A2 00 E8 E8 
A5 21 95 30 48 CA A5 20 
95 30 48 68 85 FE 68 85 
FF 85 FD A9 04 48 A9 D2 
48 68 85 20 68 85 21 A2 
03 E8 E8 A5 21 95 30 48 
CA A5 20 95 30 48 68 85 
FE 68 85 FF 85 FD A2 00 
E8 E8 B5 30 48 CA B5 30 
48 A2 03 E8 E8 B5 30 48 
CA B5 30 48 A9 00 48 A9 
14 48 68 85 12 68 85 13 
68 85 10 68 85 11 20 0E 
F0 A5 15 48 A5 14 48 68 
85 12 68 85 13 68 85 10 
68 85 11 20 00 F0 A5 15 
48 A5 14 48 68 85 FE 68 
85 FF 85 FD 02
FFFFFF
